NORMALIZATION 45
92.06 52.2228
233.723 203.528
51.575 50.7843
38.775 41.9509
1.185 1.31083
0.84 0.921629
27.0078 21.4359
10.0298 3.8098
156.777 169.536
60.4325 69.5852
4.03375 3.01415
6.3943 5.37632
6.53468 5.54993
1296.95 1315.11
6.82269 76.152
9.945 7.80141
84.7248 8.39452
0.19625 2.63823
4.97779 2.80444
79.0187 11.0534
9.54702 4.03731
37.84 37.6235
570.545 612.038
599.615 612.332
4.63344 27.7867
2.025 1.61922
0.14125 0.348279
0.1025 0.303305
0.08 0.271293
0.06625 0.248719
0.12875 0.334923
0.12 0.324962
0.1025 0.303305
0.1 0.3
0.08875 0.284383
0.07 0.255147
0.21625 0.411687
0.49125 0.499923
0.2925 0.454911
0.21875 0.413399
0.225 0.417582
0.1775 0.382091
0.1875 0.390312
0.19125 0.393285
0.52375 0.499436
CATEGORY 10
Bakery 9
Beverages 5
Dairy 6
Fresh Produce 1
Frozen 8
Household 7
Meat 2
Pantry 0
Personal Care 4
Seafood 3
ABC 3
A 0
B 2
C 1
STATUS 4
Expiring Soon 2
In Stock 0
Low Stock 1
Out of Stock 3
WAREHOUSE 5
WHBDG 0
WHDPS 1
WHJKT 2
WHMDN 4
WHSBY 3
